74 76 68
76 77 68
0 76 74
71 81 83
82 71 83
73 78 79
70 82 72
70 71 82
73 18 78
2 77 76
77 69 68
69 75 68
69 82 75
82 69 72
15 80 81
15 16 80
16 26 80
23 73 24
18 17 78
78 17 74
17 0 74
19 18 73
2 3 77
3 69 77
69 3 4
0 1 76
1 2 76
71 11 81
70 11 71
13 14 81
14 15 81
26 25 80
80 25 79
25 73 79
73 25 24
27 39 21
15 45 16
45 26 16
22 21 73
23 22 73
22 27 21
22 23 43
36 17 18
1 36 2
17 36 0
36 1 0
21 20 73
20 19 73
39 31 40
31 39 29
58 8 7
7 8 72
8 70 72
8 9 70
12 13 81
11 12 81
11 10 55
10 56 55
56 10 9
9 10 70
10 11 70
42 22 43
22 42 27
14 46 15
46 45 15
25 44 24
44 25 26
45 44 26
44 23 24
23 44 43
46 44 45
20 38 19
38 39 40
39 38 21
38 20 21
19 37 18
37 36 18
38 37 19
37 38 40
31 50 49
56 65 55
57 8 58
57 56 9
8 57 9
3 48 4
48 3 2
48 31 49
5 69 4
48 5 4
5 48 59
28 42 29
42 28 27
39 28 29
27 28 39
34 52 33
35 46 14
35 52 34
41 37 40
37 41 36
31 41 40
48 41 31
36 41 2
41 48 2
50 32 33
32 50 31
59 67 58
59 60 49
60 48 49
48 60 59
6 5 59
6 58 7
6 59 58
5 6 69
69 6 72
6 7 72
35 30 29
30 35 34
30 34 33
32 30 33
30 31 29
30 32 31
42 47 29
47 35 29
35 47 46
47 42 43
44 47 43
47 44 46
12 54 13
54 14 13
54 35 14
54 11 55
54 12 11
50 61 49
61 59 49
61 67 59
65 62 63
61 62 67
35 53 52
54 53 35
52 53 63
66 62 65
62 66 67
66 65 56
57 66 56
66 57 58
67 66 58
51 61 50
51 62 61
51 50 33
52 51 33
51 52 63
62 51 63
64 54 55
64 53 54
65 64 55
64 65 63
53 64 63
